



#hogspanning
scale:1200
0 (1,0.2) S
1 (0,0) L
2 (0,0) L
3 (0,0) L
4 (0,0) L
5 (0,0) L
6 (1, 200) L
%%%%%%%%%%%%%%%%%%%
1 2 (2,20)
1 3 (2,20)
2 3 (2,20)
3 4 (2,20)
4 5 (2,20)
5 6 (2,20)
4 6 (2,20)
5 7 (2,20)
%%%%%%%%%%%%%%%%%%
#lagspanning
scale:400
0 (1,0.2) S
1 (0,0) L
2 (0,0) L
3 (0,0) L
4 (0,0) L
5 (0,0) L
6 (1, 200) L
%%%%%%%%%%%%%%%%%%%
1 2 (2,20)
1 3 (2,20)
2 3 (2,20)
3 4 (2,20)
4 5 (2,20)
5 6 (2,20)
4 6 (2,20)
5 7 (2,20)
%%%%%%%%%%%%%%%%%%%
#lagspanning2
scale:400
0 (1,0.2) S
1 (0,0) L
2 (0,0) L
3 (0,0) L
4 (0,0) L
5 (0,0) L
6 (1, 200) L
%%%%%%%%%%%%%%%%%%%
1 2 (2,20)
1 3 (2,20)
2 3 (2,20)
3 4 (2,20)
4 5 (2,20)
5 6 (2,20)
4 6 (2,20)
5 7 (2,20)
%%%%%%%%%%%%%%%%%%%
#overgangar
(0,5) (2,0)
